
    sentinel_orbits=['S1A_OPER_AUX_POEORB_OPOD_20141023T123724_V20141001T225944_20141003T005944.EOF';
    'S1A_OPER_AUX_POEORB_OPOD_20141024T123657_V20141002T225944_20141004T005944.EOF';
    'S1A_OPER_AUX_POEORB_OPOD_20141025T123636_V20141003T225944_20141005T005944.EOF';
    'S1A_OPER_AUX_POEORB_OPOD_20141026T123448_V20141004T225944_20141006T005944.EOF';
    'S1A_OPER_AUX_POEORB_OPOD_20141027T123018_V20141005T225944_20141007T005944.EOF';
    'S1A_OPER_AUX_POEORB_OPOD_20141028T123051_V20141006T225944_20141008T005944.EOF';
    'S1A_OPER_AUX_POEORB_OPOD_20141029T123150_V20141007T225944_20141009T005944.EOF';
    'S1A_OPER_AUX_POEORB_OPOD_20141030T123518_V20141008T225944_20141010T005944.EOF';
    'S1A_OPER_AUX_POEORB_OPOD_20141031T122701_V20141009T225944_20141011T005944.EOF';
    'S1A_OPER_AUX_POEORB_OPOD_20141101T122843_V20141010T225944_20141012T005944.EOF';
    'S1A_OPER_AUX_POEORB_OPOD_20141102T122948_V20141011T225944_20141013T005944.EOF';
    'S1A_OPER_AUX_POEORB_OPOD_20141103T123859_V20141012T225944_20141014T005944.EOF';
    'S1A_OPER_AUX_POEORB_OPOD_20141104T123622_V20141013T225944_20141015T005944.EOF';
    'S1A_OPER_AUX_POEORB_OPOD_20141105T123723_V20141014T225944_20141016T005944.EOF';
    'S1A_OPER_AUX_POEORB_OPOD_20141107T123701_V20141016T225944_20141018T005944.EOF';
    'S1A_OPER_AUX_POEORB_OPOD_20141108T123712_V20141017T225944_20141019T005944.EOF';
    'S1A_OPER_AUX_POEORB_OPOD_20141109T123828_V20141018T225944_20141020T005944.EOF';
    'S1A_OPER_AUX_POEORB_OPOD_20141110T123706_V20141019T225944_20141021T005944.EOF';
    'S1A_OPER_AUX_POEORB_OPOD_20141111T123637_V20141020T225944_20141022T005944.EOF';
    'S1A_OPER_AUX_POEORB_OPOD_20141112T123525_V20141021T225944_20141023T005944.EOF';
    'S1A_OPER_AUX_POEORB_OPOD_20141113T123432_V20141022T225944_20141024T005944.EOF';
    'S1A_OPER_AUX_POEORB_OPOD_20141114T123500_V20141023T225944_20141025T005944.EOF';
    'S1A_OPER_AUX_POEORB_OPOD_20141115T123652_V20141024T225944_20141026T005944.EOF';
    'S1A_OPER_AUX_POEORB_OPOD_20141116T123700_V20141025T225944_20141027T005944.EOF';
    'S1A_OPER_AUX_POEORB_OPOD_20141117T123900_V20141026T225944_20141028T005944.EOF';
    'S1A_OPER_AUX_POEORB_OPOD_20141118T123725_V20141027T225944_20141029T005944.EOF';
    'S1A_OPER_AUX_POEORB_OPOD_20141119T123919_V20141028T225944_20141030T005944.EOF';
    'S1A_OPER_AUX_POEORB_OPOD_20141120T123423_V20141029T225944_20141031T005944.EOF';
    'S1A_OPER_AUX_POEORB_OPOD_20141121T123336_V20141030T225944_20141101T005944.EOF';
    'S1A_OPER_AUX_POEORB_OPOD_20141122T123344_V20141031T225944_20141102T005944.EOF';
    'S1A_OPER_AUX_POEORB_OPOD_20141123T123513_V20141101T225944_20141103T005944.EOF';
    'S1A_OPER_AUX_POEORB_OPOD_20141124T123237_V20141102T225944_20141104T005944.EOF';
    'S1A_OPER_AUX_POEORB_OPOD_20141125T123412_V20141103T225944_20141105T005944.EOF';
    'S1A_OPER_AUX_POEORB_OPOD_20141126T123442_V20141104T225944_20141106T005944.EOF';
    'S1A_OPER_AUX_POEORB_OPOD_20141127T123603_V20141105T225944_20141107T005944.EOF';
    'S1A_OPER_AUX_POEORB_OPOD_20141128T123648_V20141106T225944_20141108T005944.EOF';
    'S1A_OPER_AUX_POEORB_OPOD_20141129T123752_V20141107T225944_20141109T005944.EOF';
    'S1A_OPER_AUX_POEORB_OPOD_20141130T123552_V20141108T225944_20141110T005944.EOF';
    'S1A_OPER_AUX_POEORB_OPOD_20141201T123710_V20141109T225944_20141111T005944.EOF';
    'S1A_OPER_AUX_POEORB_OPOD_20141202T123609_V20141110T225944_20141112T005944.EOF';
    'S1A_OPER_AUX_POEORB_OPOD_20141203T123740_V20141111T225944_20141113T005944.EOF';
    'S1A_OPER_AUX_POEORB_OPOD_20141204T123638_V20141112T225944_20141114T005944.EOF';
    'S1A_OPER_AUX_POEORB_OPOD_20141205T123716_V20141113T225944_20141115T005944.EOF';
    'S1A_OPER_AUX_POEORB_OPOD_20141206T123517_V20141114T225944_20141116T005944.EOF';
    'S1A_OPER_AUX_POEORB_OPOD_20141207T123431_V20141115T225944_20141117T005944.EOF';
    'S1A_OPER_AUX_POEORB_OPOD_20141208T123607_V20141116T225944_20141118T005944.EOF';
    'S1A_OPER_AUX_POEORB_OPOD_20141209T123159_V20141117T225944_20141119T005944.EOF';
    'S1A_OPER_AUX_POEORB_OPOD_20141210T123116_V20141118T225944_20141120T005944.EOF';
    'S1A_OPER_AUX_POEORB_OPOD_20141211T123239_V20141119T225944_20141121T005944.EOF';
    'S1A_OPER_AUX_POEORB_OPOD_20141212T123749_V20141120T225944_20141122T005944.EOF';
    'S1A_OPER_AUX_POEORB_OPOD_20141213T123809_V20141121T225944_20141123T005944.EOF';
    'S1A_OPER_AUX_POEORB_OPOD_20141214T123810_V20141122T225944_20141124T005944.EOF';
    'S1A_OPER_AUX_POEORB_OPOD_20141215T123718_V20141123T225944_20141125T005944.EOF';
    'S1A_OPER_AUX_POEORB_OPOD_20141216T123811_V20141124T225944_20141126T005944.EOF';
    'S1A_OPER_AUX_POEORB_OPOD_20141217T123843_V20141125T225944_20141127T005944.EOF';
    'S1A_OPER_AUX_POEORB_OPOD_20141218T123625_V20141126T225944_20141128T005944.EOF';
    'S1A_OPER_AUX_POEORB_OPOD_20141219T123802_V20141127T225944_20141129T005944.EOF';
    'S1A_OPER_AUX_POEORB_OPOD_20141220T123853_V20141128T225944_20141130T005944.EOF';
    'S1A_OPER_AUX_POEORB_OPOD_20141221T124129_V20141129T225944_20141201T005944.EOF';
    'S1A_OPER_AUX_POEORB_OPOD_20141222T124011_V20141130T225944_20141202T005944.EOF';
    'S1A_OPER_AUX_POEORB_OPOD_20141223T124129_V20141201T225944_20141203T005944.EOF';
    'S1A_OPER_AUX_POEORB_OPOD_20141224T124019_V20141202T225944_20141204T005944.EOF';
    'S1A_OPER_AUX_POEORB_OPOD_20141225T124157_V20141203T225944_20141205T005944.EOF';
    'S1A_OPER_AUX_POEORB_OPOD_20141226T124035_V20141204T225944_20141206T005944.EOF';
    'S1A_OPER_AUX_POEORB_OPOD_20141227T124032_V20141205T225944_20141207T005944.EOF';
    'S1A_OPER_AUX_POEORB_OPOD_20141228T124038_V20141206T225944_20141208T005944.EOF';
    'S1A_OPER_AUX_POEORB_OPOD_20141229T123849_V20141207T225944_20141209T005944.EOF';
    'S1A_OPER_AUX_POEORB_OPOD_20141230T123647_V20141208T225944_20141210T005944.EOF';
    'S1A_OPER_AUX_POEORB_OPOD_20141231T123801_V20141209T225944_20141211T005944.EOF';
    'S1A_OPER_AUX_POEORB_OPOD_20150101T124010_V20141210T225944_20141212T005944.EOF';
    'S1A_OPER_AUX_POEORB_OPOD_20150102T124241_V20141211T225944_20141213T005944.EOF';
    'S1A_OPER_AUX_POEORB_OPOD_20150103T124143_V20141212T225944_20141214T005944.EOF';
    'S1A_OPER_AUX_POEORB_OPOD_20150104T124104_V20141213T225944_20141215T005944.EOF';
    'S1A_OPER_AUX_POEORB_OPOD_20150105T123947_V20141214T225944_20141216T005944.EOF';
    'S1A_OPER_AUX_POEORB_OPOD_20150106T123921_V20141215T225944_20141217T005944.EOF';
    'S1A_OPER_AUX_POEORB_OPOD_20150107T124038_V20141216T225944_20141218T005944.EOF';
    'S1A_OPER_AUX_POEORB_OPOD_20150108T124228_V20141217T225944_20141219T005944.EOF';
    'S1A_OPER_AUX_POEORB_OPOD_20150109T124228_V20141218T225944_20141220T005944.EOF';
    'S1A_OPER_AUX_POEORB_OPOD_20150110T124136_V20141219T225944_20141221T005944.EOF';
    'S1A_OPER_AUX_POEORB_OPOD_20150111T123920_V20141220T225944_20141222T005944.EOF';
    'S1A_OPER_AUX_POEORB_OPOD_20150112T124145_V20141221T225944_20141223T005944.EOF';
    'S1A_OPER_AUX_POEORB_OPOD_20150113T124440_V20141222T225944_20141224T005944.EOF';
    'S1A_OPER_AUX_POEORB_OPOD_20150114T124757_V20141223T225944_20141225T005944.EOF';
    'S1A_OPER_AUX_POEORB_OPOD_20150115T124502_V20141224T225944_20141226T005944.EOF';
    'S1A_OPER_AUX_POEORB_OPOD_20150116T124231_V20141225T225944_20141227T005944.EOF';
    'S1A_OPER_AUX_POEORB_OPOD_20150117T123958_V20141226T225944_20141228T005944.EOF';
    'S1A_OPER_AUX_POEORB_OPOD_20150118T123847_V20141227T225944_20141229T005944.EOF';
    'S1A_OPER_AUX_POEORB_OPOD_20150119T123045_V20141228T225944_20141230T005944.EOF';
    'S1A_OPER_AUX_POEORB_OPOD_20150120T123018_V20141229T225944_20141231T005944.EOF';
    'S1A_OPER_AUX_POEORB_OPOD_20150121T123255_V20141230T225944_20150101T005944.EOF';
    'S1A_OPER_AUX_POEORB_OPOD_20150122T123635_V20141231T225944_20150102T005944.EOF';
    'S1A_OPER_AUX_POEORB_OPOD_20150123T123902_V20150101T225944_20150103T005944.EOF';
    'S1A_OPER_AUX_POEORB_OPOD_20150124T124033_V20150102T225944_20150104T005944.EOF';
